1 2
1 3
1 4
2 1
2 3
2 8
3 4
3 13
4 4
4 7
5 4
6 0
6 5
6 15
7 4
7 13
8 1
8 3
9 0
10 0
10 1
10 15
11 4
11 7
11 13
12 4
12 10
13 2
13 3
14 7
15 0
15 1
15 13
16 7
16 15
17 7
17 13
18 15
19 4
20 0
21 0
21 4
21 7
22 5
22 7
22 15
23 15
24 7
24 14
25 7
25 13
26 7
27 7
28 13
29 1
29 14
30 7
31 7
32 7
32 14
33 1
33 13
34 3
34 4
34 7
35 7
35 13
36 7
37 6
38 4
39 4
39 13
40 7
41 7
41 16
42 0
42 5
42 7
43 7
44 0
44 1
45 4
45 7
46 7
46 13
47 5
47 15
48 2
48 3
48 11
48 13
49 7
49 13
50 5
50 15
51 0
51 7
51 15
52 4
53 7
54 3
54 4
55 7
56 1
56 3
56 8
57 7
58 7
58 13
59 7
59 12
60 1
60 3
60 8
61 7
61 15
62 7
63 4
64 4
64 13
65 4
66 14
66 15
67 7
68 4
68 13
69 4
70 0
70 4
70 5
70 10
70 15
71 0
72 4
72 7
73 7
73 11
74 7
74 13
75 4
75 7
76 14
76 15
77 6
78 7
79 7
79 15
80 7
81 5
81 7
81 13
82 7
83 7
84 4
84 7
85 7
85 13
86 1
86 7
87 3
87 4
88 4
89 0
89 15
90 7
92 7
92 15
93 4
93 13
94 7
95 0
95 15
96 4
97 7
98 0
98 15
99 6
100 7
100 15
101 4
102 4
103 15
104 4
105 7
105 13
106 4
106 7
107 1
107 3
107 4
107 11
108 6
109 4
110 0
110 7
110 16
111 7
111 15
112 0
112 1
112 5
113 7
113 12
114 7
115 4
116 6
117 5
118 4
118 13
119 4
120 7
121 7
122 4
122 13
123 7
123 12
123 13
124 7
125 4
126 1
126 3
126 8
127 7
128 6
129 4
129 13
130 7
131 7
131 13
132 15
133 4
133 7
134 6
135 4
136 6
137 6
138 7
139 0
139 7
140 7
140 13
141 4
142 7
143 7
144 4
145 0
146 1
146 3
147 7
148 7
149 5
149 7
149 15
150 7
151 7
151 13
151 16
152 10
153 0
153 1
153 4
153 5
154 7
155 7
155 16
156 4
157 4
157 16
158 1
158 3
159 7
160 0
160 1
160 12
160 14
161 7
161 15
161 16
162 6
163 0
163 13
163 15
164 5
164 9
164 12
164 15
165 0
165 15
166 4
166 7
167 7
168 0
168 1
168 7
168 13
169 1
169 3
169 7
170 0
170 5
170 15
171 4
172 0
172 14
172 15
173 0
173 1
173 14
174 4
175 7
176 4
177 10
178 4
179 7
179 13
180 4
181 0
181 3
182 7
182 13
183 15
184 7
185 14
185 15
186 4
187 4
188 10
189 4
190 15
191 7
192 6
193 7
194 7
195 4
195 7
195 13
196 10
196 14
197 7
198 0
198 5
198 14
199 7
199 11
200 15
201 7
202 7
202 13
203 4
204 0
205 4
205 7
206 6
207 7
207 13
208 0
208 1
209 7
210 18
211 7
212 4
213 7
214 7
215 7
215 13
216 4
217 7
217 15
218 4
218 7
219 7
220 10
222 7
222 13
223 4
224 4
224 7
224 13
225 7
225 15
226 15
227 0
228 4
229 7
229 15
230 7
230 15
231 4
232 4
232 7
233 7
234 4
235 4
235 7
236 4
236 13
237 4
237 13
238 1
238 3
239 2
239 3
239 4
239 13
240 15
241 3
241 7
242 7
242 11
243 4
244 2
244 3
245 5
245 7
246 6
247 7
247 8
247 13
247 15
248 4
249 7
249 13
250 3
250 4
251 0
252 4
252 13
253 7
253 10
254 7
255 4
256 4
256 14
257 12
257 15
258 1
258 3
258 4
258 8
258 13
259 5
259 7
259 15
260 0
260 1
260 8
260 14
261 7
262 3
262 7
263 7
264 7
265 7
265 13
266 7
266 13
266 16
266 18
267 4
268 7
269 7
270 7
270 13
271 7
272 7
273 7
273 10
274 4
275 4
276 4
276 13
277 7
278 4
279 7
280 7
280 15
281 7
282 7
283 5
283 7
284 0
284 5
285 7
285 10
286 0
286 14
286 15
287 4
287 13
288 0
288 15
289 4
289 13
290 5
290 7
291 15
292 0
292 7
292 15
293 5
293 7
293 13
293 15
294 4
294 13
295 4
295 13
296 5
296 7
297 7
298 4
299 7
300 7
301 7
301 13
302 7
302 13
303 0
303 1
303 18
304 4
304 7
305 4
306 7
307 7
308 7
309 7
310 4
311 10
311 15
312 4
313 2
313 3
314 7
315 0
316 0
316 1
316 14
317 3
317 4
317 8
318 7
319 15
320 9
320 15
321 7
322 4
322 7
324 4
325 4
326 7
327 0
327 4
327 11
327 14
328 10
329 0
329 1
329 14
330 4
330 10
331 7
332 10
332 14
333 4
334 7
335 12
335 15
336 7
336 16
337 7
338 14
338 15
339 4
339 13
340 1
340 7
341 7
342 4
342 13
343 3
344 4
345 4
345 7
346 7
346 11
347 7
348 4
349 0
349 1
349 15
350 7
350 12
350 15
351 4
351 7
351 13
352 4
353 0
353 13
353 15
354 7
355 3
355 4
356 4
356 13
356 16
357 4
357 13
358 7
359 4
359 7
359 13
360 0
360 4
361 7
361 13
362 1
362 3
362 13
363 6
364 2
364 3
364 11
365 7
366 10
367 4
367 5
367 8
368 0
368 4
368 18
369 7
370 4
371 4
371 7
372 4
372 7
373 15
374 3
374 4
375 7
376 0
376 15
377 0
377 13
377 15
378 4
378 13
379 0
379 14
380 0
380 1
380 4
380 13
381 7
382 7
382 10
383 18
384 0
385 7
386 7
387 0
387 4
388 7
389 7
389 13
389 16
390 0
390 4
390 7
391 5
391 7
392 1
392 3
393 0
394 0
395 7
396 7
397 10
398 6
399 7
400 7
401 0
401 15
402 4
403 4
403 5
403 7
404 6
405 0
405 14
406 7
407 10
407 15
408 7
409 7
410 4
411 4
412 7
413 4
414 4
415 4
415 15
416 18
417 4
417 13
418 7
419 4
420 0
420 4
421 1
421 3
422 15
423 0
423 15
424 7
425 7
425 13
426 10
426 14
426 15
427 12
427 13
427 15
428 7
429 4
430 7
431 5
431 7
432 4
432 18
433 4
434 0
434 1
434 5
435 4
435 14
436 7
436 15
437 4
438 0
438 4
439 7
440 4
440 13
441 4
442 0
442 14
443 6
444 4
444 13
445 4
446 7
446 13
447 4
447 13
448 7
449 4
450 4
450 7
451 7
451 12
451 13
452 7
453 4
454 7
454 15
455 1
455 3
455 7
456 7
457 0
457 15
458 7
458 18
459 0
460 4
461 7
461 13
462 0
462 1
463 5
463 7
463 15
464 0
464 1
464 5
464 15
465 0
465 7
465 16
466 0
466 4
466 16
467 4
468 4
468 13
469 7
469 13
470 4
471 4
471 13
472 4
472 7
473 4
473 16
474 0
474 15
475 7
476 4
476 7
477 7
478 4
479 0
480 0
480 1
480 14
481 7
481 15
482 15
483 7
484 1
484 3
485 0
485 4
486 4
487 4
487 18
488 7
489 4
490 15
491 7
492 4
492 12
493 0
493 5
493 7
494 0
494 15
495 7
496 4
496 7
496 13
497 4
497 13
498 7
498 13
499 4
499 13
500 4
501 7
502 0
502 3
503 7
504 0
504 14
505 4
506 7
507 0
507 7
508 7
509 7
509 13
510 7
511 0
511 7
512 10
512 14
513 4
513 12
513 13
514 4
515 7
516 4
516 7
516 16
517 0
517 7
517 12
518 4
519 14
519 15
520 4
521 5
521 15
522 0
522 7
523 7
524 7
525 7
526 7
527 7
527 16
528 7
529 7
530 7
531 3
531 7
532 4
532 5
532 10
533 0
534 7
534 13
535 7
536 7
537 4
537 7
538 7
539 4
539 13
540 15
541 9
541 14
542 4
543 4
543 13
543 15
544 0
545 7
546 0
546 1
546 3
546 14
547 0
547 1
547 15
548 0
549 6
550 4
550 13
551 3
551 4
551 11
552 0
552 1
552 4
553 18
554 15
555 0
555 5
555 13
556 6
557 7
558 0
558 1
558 2
558 3
558 8
559 4
560 7
561 15
562 4
562 7
563 7
564 4
565 10
566 4
566 13
567 7
568 4
568 7
569 3
569 4
570 4
570 7
571 7
572 7
573 7
574 4
574 7
575 3
575 4
576 4
577 1
577 3
578 7
578 12
579 15
580 7
581 6
582 4
583 4
583 7
584 7
585 4
586 3
586 4
587 4
587 13
587 15
588 2
588 3
588 4
588 11
589 0
589 14
589 15
590 1
590 7
590 18
591 0
591 7
591 15
592 0
592 1
592 5
592 7
593 7
593 15
594 2
594 3
594 11
595 2
595 3
595 11
596 2
596 3
597 4
597 13
598 4
599 18
600 15
601 7
602 6
603 4
604 6
605 7
605 13
606 10
607 7
608 5
608 7
608 15
609 1
609 3
610 0
610 1
610 2
610 10
610 14
611 0
611 10
611 14
612 4
613 7
613 13
614 7
614 15
615 7
616 2
616 3
617 7
618 4
618 13
619 4
620 7
621 7
623 13
624 0
624 7
624 15
625 7
626 4
627 7
627 15
628 7
628 15
629 7
630 7
630 13
631 2
631 3
631 11
632 16
633 4
634 4
635 4
635 7
636 7
637 4
638 13
639 4
640 7
640 15
641 4
642 7
643 4
644 4
645 7
647 7
647 16
648 0
648 1
648 12
649 4
649 7
650 7
651 4
652 12
653 0
653 1
653 8
654 7
654 13
655 4
656 4
657 4
657 7
658 7
659 5
659 15
660 7
661 2
661 3
661 11
662 15
663 4
664 4
665 16
666 7
667 0
668 7
669 7
670 7
671 4
671 14
672 7
673 1
673 2
673 3
673 4
673 8
674 1
674 14
675 0
675 7
675 15
676 7
678 7
678 15
679 7
680 14
681 5
682 6
682 7
683 6
684 7
685 7
687 7
687 13
688 0
688 1
688 4
688 16
690 13
691 4
691 13
692 0
692 14
692 15
693 7
694 0
695 12
695 15
696 15
697 7
697 13
698 7
699 7
700 4
701 7
702 7
703 7
704 0
704 1
705 4
706 7
707 5
707 9
707 15
708 4
708 13
709 2
709 3
710 4
711 1
711 3
712 7
713 7
714 18
715 7
716 5
717 4
718 4
718 14
719 4
720 2
721 7
722 6
723 7
724 7
724 10
725 4
726 7
727 6
728 4
729 7
730 7
731 12
731 15
732 5
733 0
733 1
733 15
734 4
735 4
735 10
736 0
736 1
736 13
736 15
737 0
737 14
738 7
739 4
741 2
741 14
742 10
742 15
743 4
744 7
745 2
745 4
745 15
746 9
747 4
748 0
748 14
748 15
749 7
750 14
750 16
751 4
752 4
752 13
753 4
753 7
754 1
754 3
755 3
755 7
756 6
757 7
758 7
759 6
760 16
761 1
762 4
762 5
763 7
764 7
764 13
765 4
765 7
766 7
767 7
768 7
769 6
770 7
771 4
771 7
772 4
773 7
774 7
775 10
776 4
776 7
777 16
778 7
779 7
779 13
780 0
780 14
780 16
781 7
782 15
783 2
783 3
783 11
784 4
785 4
786 0
786 15
787 6
788 4
788 8
788 13
788 14
789 7
790 7
791 6
792 8
793 7
794 4
794 7
795 7
796 7
797 4
798 0
798 1
798 15
799 4
799 10
800 7
800 12
801 3
801 4
802 7
802 13
803 13
804 4
804 13
805 7
806 7
807 4
807 13
808 1
808 3
809 0
809 1
810 3
810 4
810 8
811 4
812 7
813 4
814 7
815 0
815 12
815 15
816 7
818 4
819 4
819 7
820 7
821 13
822 7
823 7
824 7
825 4
825 13
826 7
827 7
828 1
828 3
829 4
829 11
830 4
831 7
832 7
832 15
833 4
834 4
835 7
836 0
836 1
836 15
837 3
837 4
838 4
838 7
838 13
839 0
839 15
840 4
841 10
842 10
843 7
844 7
845 7
846 7
847 4
847 7
848 7
849 0
849 1
849 14
849 15
850 5
850 7
851 7
852 4
852 13
853 7
854 7
855 7
856 4
857 7
858 0
858 5
858 7
859 6
860 4
861 0
861 15
862 7
863 4
864 4
864 7
865 7
866 5
866 7
866 13
866 15
867 4
867 5
868 4
869 5
870 4
871 4
872 7
873 7
874 5
874 7
875 7
876 0
877 7
878 7
879 10
880 14
880 15
881 3
881 4
882 7
882 15
884 7
885 3
885 7
885 8
886 0
887 7
888 2
888 3
889 13
890 15
891 10
891 15
892 4
892 7
892 13
893 7
894 13
895 7
896 7
897 1
897 16
898 4
898 13
899 11
899 13
900 11
900 13
901 4
901 11
902 7
902 13
903 12
903 15
904 12
904 15
905 4
906 12
906 15
907 4
907 11
907 13
908 7
908 15
909 4
909 7
910 4
910 5
911 4
911 12
911 13
911 15
912 7
912 13
912 16
913 9
913 12
914 11
914 13
915 4
915 13
916 4
916 13
917 3
917 7
918 11
919 1
919 3
919 7
919 11
920 7
920 13
920 16
921 4
922 9
923 7
924 7
924 12
924 14
924 15
925 1
925 13
926 7
927 4
928 13
928 15
929 15
930 9
930 13
930 15
931 12
931 13
931 15
932 13
933 4
933 13
933 15
934 4
935 4
935 11
936 4
936 13
937 4
937 13
938 11
939 4
939 7
940 0
940 1
941 1
942 5
942 9
942 12
943 7
943 13
944 7
945 4
945 11
945 13
946 4
946 7
946 16
947 4
948 7
949 7
950 12
951 4
952 1
952 4
953 7
954 7
955 4
956 7
956 13
957 7
958 4
958 12
959 7
960 5
960 7
961 7
962 5
962 7
963 11
964 18
965 15
966 7
967 18
968 10
968 14
969 0
969 1
969 13
969 16
970 4
970 7
971 7
972 7
973 7
974 7
974 13
975 4
975 11
976 13
976 16
977 12
978 7
979 7
979 16
980 0
981 7
982 7
983 13
984 4
984 7
985 6
986 1
986 3
987 7
987 13
988 4
988 7
989 7
990 0
990 1
990 15
991 7
991 16
992 15
993 7
994 7
996 0
996 7
996 18
997 7
997 15
998 0
998 5
999 5
1000 5
1001 4
1002 4
1003 7
1003 15
1004 0
1004 15
1005 3
1005 4
1006 7
1007 3
1007 4
1007 18
1008 18
1009 1
1009 3
1009 8
1010 3
1010 4
1011 1
1011 3
1011 4
1012 3
1012 7
1013 3
1013 7
1014 3
1014 4
1014 7
1015 1
1015 3
1016 3
1016 4
1017 1
1017 3
1018 3
1018 4
1018 12
1019 1
1019 3
1019 8
1019 14
1020 4
1021 3
1021 4
1022 2
1022 3
1022 11
1023 2
1023 3
1024 2
1024 3
1024 11
1025 2
1025 3
1026 3
1026 7
1027 7
1028 3
1028 4
1028 11
1029 2
1029 3
1029 11
1030 1
1030 2
1030 3
1030 11
1031 1
1031 3
1031 11
1032 2
1032 3
1032 11
1033 2
1033 3
1034 5
1035 11
1036 0
1036 15
1037 0
1037 14
1037 15
1038 7
1039 6
1040 7
1041 7
1042 4
1043 7
1043 13
1044 7
1045 4
1045 7
1046 7
1046 13
1047 0
1047 15
1049 0
1049 1
1050 6
1050 7
1051 7
1052 7
1053 5
1053 7
1054 7
1055 15
1056 7
1057 4
1057 11
1057 13
1058 7
1059 7
1059 13
1060 4
1060 7
1061 5
1061 7
1062 7
1063 7
1064 2
1064 3
1064 4
1065 12
1066 4
1066 11
1066 13
1067 4
1067 11
1067 13
1068 5
1068 9
1069 9
1069 15
1070 1
1071 13
1071 16
1073 1
1073 3
1073 4
1073 8
1075 4
1076 15
1077 4
1077 14
1078 4
1078 16
1079 4
1080 4
1081 4
1081 11
1082 7
1083 4
1083 11
1084 5
1084 7
1085 1
1085 7
1086 12
1086 15
1087 11
1088 11
1088 13
1089 5
1089 15
1090 7
1090 16
1091 4
1092 12
1092 15
1093 7
1093 11
1094 7
1094 13
1094 16
1095 7
1096 7
1097 3
1097 7
1097 8
1097 14
1098 4
1099 7
1100 0
1100 13
1101 0
1101 13
1102 0
1103 7
1104 7
1105 10
1106 6
1107 4
1108 6
1109 7
1110 0
1111 6
1112 0
1112 7
1113 4
1114 7
1115 4
1115 7
1116 7
1117 7
1118 1
1118 18
1119 7
1120 7
1121 7
1122 6
1123 6
1124 7
1125 4
1126 4
1126 8
1127 0
1127 1
1127 14
1127 15
1128 10
1129 0
1129 1
1129 14
1129 15
1130 10
1131 7
1132 7
1133 4
1133 7
1134 0
1134 7
1135 4
1136 4
1137 13
1138 6
1139 7
1140 7
1141 7
1142 7
1143 4
1144 6
1145 6
1146 4
1146 7
1147 6
1148 2
1148 4
1149 6
1149 7
1150 7
1151 2
1151 4
1151 15
1152 5
1152 9
1152 15
1153 9
1154 9
1155 7
1156 7
1157 7
1158 4
1159 13
1160 4
1161 7
1162 4
1163 7
1164 7
1165 7
1165 15
1166 4
1167 4
1168 10
1169 6
1170 0
1171 4
1172 4
1172 7
1172 13
1173 7
1174 4
1175 4
1175 14
1176 7
1177 7
1178 7
1178 16
1179 5
1179 7
1179 9
1180 4
1181 0
1183 7
1183 13
1183 16
1184 4
1184 16
1185 7
1186 7
1187 7
1188 4
1188 13
1189 6
1190 7
1191 6
1192 6
1193 7
1194 4
1196 0
1196 1
1196 7
1196 14
1196 16
1197 0
1197 1
1197 4
1197 13
1198 0
1198 1
1199 14
1200 0
1200 14
1200 15
1200 16
1201 0
1201 18
1202 4
1203 7
1204 1
1204 16
1205 0
1205 2
1205 3
1205 14
1205 15
1205 16
1206 14
1207 7
1208 7
1208 16
1209 18
1210 0
1210 1
1210 13
1210 14
1210 16
1211 4
1211 7
1211 13
1212 12
1212 15
1213 5
1213 7
1214 0
1214 10
1214 14
1214 15
1215 0
1215 1
1215 4
1215 10
1215 14
1216 1
1216 13
1217 7
1217 16
1218 0
1218 15
1219 10
1219 15
1220 0
1220 4
1220 11
1221 0
1221 5
1221 7
1222 0
1222 7
1222 16
1223 2
1223 4
1224 7
1224 16
1225 7
1226 4
1226 13
1227 5
1227 7
1227 15
1228 7
1230 4
1230 13
1231 7
1232 12
1232 14
1233 0
1233 7
1233 16
1234 4
1234 5
1235 4
1236 4
1236 7
1237 7
1238 4
1240 0
1240 14
1240 15
1241 4
1241 10
1242 0
1242 7
1242 16
1243 4
1243 7
1244 4
1244 7
1244 13
1245 7
1246 7
1247 7
1247 13
1248 5
1248 9
1248 15
1249 15
1250 7
1250 16
1251 7
1252 9
1252 12
1252 15
1253 7
1253 14
1254 1
1255 4
1255 10
1256 4
1256 16
1257 4
1258 10
1259 1
1259 4
1259 7
1260 5
1260 9
1260 15
1261 0
1261 1
1261 4
1261 10
1262 1
1262 16
1263 7
1263 16
1264 0
1264 7
1264 12
1264 13
1264 15
1265 4
1265 13
1266 18
1267 9
1267 15
1268 7
1269 4
1269 12
1269 15
1270 4
1270 14
1271 7
1272 7
1272 16
1273 4
1273 7
1274 1
1274 2
1274 14
1274 15
1275 0
1275 1
1276 4
1276 7
1277 0
1277 7
1277 13
1278 4
1278 10
1279 4
1279 7
1280 7
1281 4
1282 2
1282 3
1282 11
1283 18
1284 9
1284 12
1285 4
1286 7
1286 13
1287 0
1287 1
1287 7
1288 4
1288 7
1288 11
1289 6
1289 16
1290 7
1290 13
1291 0
1291 1
1292 4
1293 7
1294 4
1294 16
1295 7
1296 7
1296 13
1297 4
1298 7
1298 11
1298 16
1299 7
1299 16
1300 7
1301 14
1302 7
1303 1
1304 0
1304 4
1304 18
1305 7
1306 7
1306 14
1307 4
1307 13
1308 4
1309 7
1309 13
1310 6
1311 4
1312 7
1313 5
1314 13
1315 6
1316 7
1317 4
1318 4
1318 7
1319 6
1320 0
1320 10
1320 14
1320 15
1321 10
1322 10
1323 10
1324 10
1325 10
1326 10
1327 10
1328 10
1329 10
1330 4
1330 10
1331 10
1332 10
1332 15
1333 10
1334 10
1334 14
1335 0
1335 10
1336 10
1337 10
1339 10
1339 13
1340 10
1341 10
1342 10
1343 15
1344 9
1344 15
1345 10
1346 10
1347 10
1348 10
1349 10
1350 10
1351 7
1352 5
1352 15
1353 4
1353 13
1354 7
1355 10
1355 15
1356 0
1356 1
1356 14
1357 7
1357 13
1358 7
1358 15
1359 1
1359 3
1359 4
1360 7
1361 6
1362 7
1363 7
1364 0
1365 7
1366 7
1367 3
1367 4
1368 7
1369 7
1369 15
1370 0
1370 15
1371 0
1371 1
1371 14
1372 0
1372 1
1372 14
1373 0
1373 1
1373 14
1374 0
1374 1
1374 14
1375 0
1375 1
1375 14
1376 0
1376 1
1376 14
1377 0
1377 1
1377 4
1377 5
1378 0
1378 4
1378 18
1379 0
1379 4
1379 18
1380 4
1380 11
1380 13
1381 4
1381 11
1381 13
1382 0
1382 7
1383 0
1383 14
1384 7
1385 0
1386 18
1387 0
1387 10
1388 0
1388 10
1389 0
1389 10
1390 4
1391 0
1391 4
1391 14
1391 16
1392 4
1392 7
1393 7
1393 13
1394 4
1395 4
1395 7
1396 5
1396 7
1396 14
1397 7
1398 13
1398 16
1399 7
1400 7
1401 7
1404 5
1404 7
1405 2
1405 4
1406 7
1407 10
1407 15
1408 0
1408 13
1408 16
1409 4
1409 13
1410 4
1410 7
1411 7
1412 7
1413 7
1414 4
1415 5
1415 7
1415 13
1416 7
1416 11
1417 7
1419 7
1420 6
1421 6
1422 12
1422 15
1423 7
1424 0
1425 4
1426 3
1427 15
1428 7
1429 0
1430 15
1431 0
1431 4
1432 0
1433 4
1433 10
1434 0
1436 4
1437 7
1438 0
1438 15
1439 4
1440 4
1441 4
1441 13
1442 7
1443 6
1444 4
1445 4
1445 16
1446 4
1447 5
1448 6
1449 4
1450 16
1453 4
1453 13
1454 4
1455 4
1455 13
1456 4
1457 4
1457 13
1458 13
1459 12
1459 15
1460 3
1460 4
1460 12
1461 4
1462 6
1463 4
1463 13
1464 12
1465 7
1466 5
1466 7
1467 4
1467 7
1468 4
1468 13
1470 6
1471 7
1472 5
1472 15
1473 0
1473 4
1473 5
1473 7
1474 3
1474 4
1475 13
1476 4
1476 7
1477 13
1479 0
1479 13
1479 15
1480 0
1480 7
1480 15
1482 4
1482 7
1483 7
1483 15
1484 12
1485 4
1486 7
1487 7
1487 11
1488 0
1488 7
1488 15
1488 16
1489 2
1489 3
1489 11
1490 4
1493 13
1494 4
1495 0
1495 1
1495 3
1496 7
1496 13
1497 0
1498 7
1498 13
1499 0
1499 1
1499 15
1500 4
1500 5
1501 5
1502 13
1503 4
1504 7
1507 7
1507 16
1508 7
1509 7
1510 7
1511 4
1513 4
1514 13
1515 7
1515 15
1516 4
1517 4
1518 0
1518 15
1519 7
1520 13
1522 7
1523 0
1523 5
1523 13
1524 7
1525 0
1525 1
1525 3
1525 8
1526 4
1527 0
1527 14
1528 4
1529 7
1531 7
1532 4
1533 7
1534 7
1535 7
1535 13
1537 4
1538 1
1538 3
1539 4
1539 5
1541 4
1541 13
1542 4
1542 7
1542 13
1543 7
1544 0
1544 1
1544 14
1544 15
1545 7
1546 4
1547 3
1547 7
1548 7
1549 7
1549 13
1550 4
1550 13
1551 1
1551 3
1551 7
1552 0
1552 1
1552 15
1553 4
1554 7
1554 13
1555 7
1556 0
1556 13
1556 15
1557 7
1558 4
1559 7
1561 4
1562 0
1562 1
1562 5
1563 7
1564 4
1564 13
1565 4
1565 15
1566 1
1566 2
1566 3
1566 4
1566 11
1567 7
1568 5
1568 7
1568 12
1569 4
1569 13
1570 14
1571 4
1571 13
1572 7
1573 0
1573 14
1573 15
1574 13
1575 7
1577 7
1578 5
1579 7
1580 0
1580 1
1580 4
1580 14
1581 4
1582 1
1582 3
1583 3
1583 8
1584 7
1584 14
1585 4
1586 0
1586 7
1586 16
1587 0
1587 1
1588 3
1588 4
1589 5
1589 7
1589 12
1590 0
1590 12
1590 14
1590 15
1591 0
1591 1
1591 14
1591 15
1592 3
1592 4
1593 4
1593 13
1594 7
1595 1
1595 3
1595 7
1596 7
1597 0
1597 12
1597 13
1597 15
1598 5
1598 7
1598 15
1599 0
1600 7
1600 13
1601 5
1601 7
1601 9
1602 4
1603 14
1603 15
1604 0
1604 4
1605 1
1605 13
1606 0
1606 1
1608 0
1608 15
1609 7
1610 0
1610 15
1611 7
1612 4
1613 7
1614 4
1615 1
1615 15
1616 0
1616 15
1616 16
1617 5
1617 9
1617 12
1617 15
1619 7
1619 16
1620 5
1620 7
1620 15
1621 7
1622 4
1622 7
1623 10
1624 7
1625 12
1625 15
1626 0
1626 7
1626 15
1627 0
1627 5
1627 12
1628 7
1629 4
1629 13
1630 4
1630 7
1631 15
1632 4
1632 13
1633 7
1635 7
1636 0
1636 15
1639 7
1639 13
1640 4
1641 4
1642 4
1642 7
1643 7
1643 13
1644 10
1644 12
1644 15
1645 5
1645 10
1645 12
1645 15
1646 4
1647 5
1647 15
1648 4
1648 7
1648 15
1649 6
1650 7
1651 7
1652 6
1653 7
1653 14
1653 15
1654 3
1654 7
1654 8
1655 10
1656 13
1657 6
1658 13
1658 15
1659 7
1660 7
1661 15
1662 5
1663 4
1664 7
1665 4
1666 13
1667 0
1667 7
1668 7
1669 13
1670 7
1670 16
1671 5
1672 7
1673 7
1674 7
1674 13
1674 15
1675 5
1675 15
1676 0
1676 1
1676 14
1676 16
1677 4
1678 7
1679 4
1680 7
1680 13
1681 0
1681 1
1682 7
1683 7
1683 13
1683 15
1684 13
1685 13
1686 5
1686 15
1687 0
1687 15
1688 2
1688 3
1688 11
1689 4
1689 12
1690 0
1690 10
1690 14
1692 10
1692 14
1693 7
1694 7
1695 7
1696 7
1696 16
1697 5
1698 4
1699 7
1701 4
1701 7
1702 3
1702 4
1702 8
1703 4
1704 7
1705 7
1706 7
1707 3
1707 4
1708 7
1709 15
1710 7
1711 4
1711 5
1711 7
1711 12
1713 3
1713 4
1714 13
1715 15
1716 7
1717 10
1717 15
1718 15
1719 7
1720 0
1720 1
1720 14
1721 7
1721 13
1722 0
1722 13
1722 15
1723 4
1723 7
1724 7
1725 7
1726 7
1727 7
1728 7
1729 5
1729 7
1730 7
1731 4
1732 4
1732 5
1732 12
1732 15
1733 7
1733 13
1734 4
1734 7
1735 7
1735 13
1738 4
1739 0
1739 3
1740 0
1740 7
1741 7
1742 5
1743 6
1744 0
1744 1
1744 15
1746 4
1747 4
1747 7
1748 9
1748 14
1748 15
1749 13
1750 1
1750 3
1750 8
1750 14
1752 0
1752 15
1753 4
1754 0
1754 12
1754 15
1755 13
1756 10
1757 7
1758 7
1759 7
1760 4
1760 11
1762 0
1762 10
1762 14
1764 4
1764 15
1765 5
1765 7
1767 7
1767 13
1768 7
1769 0
1769 15
1770 13
1770 15
1771 10
1772 0
1772 4
1772 11
1773 0
1773 7
1774 4
1774 7
1776 7
1777 4
1777 13
1779 1
1779 14
1779 15
1780 6
1781 7
1782 4
1782 13
1783 9
1783 12
1783 15
1784 4
1784 7
1785 0
1785 5
1787 6
1788 0
1788 7
1789 7
1791 5
1791 7
1792 0
1792 15
1793 4
1794 4
1794 7
1795 7
1796 0
1796 7
1797 6
1798 15
1799 5
1799 7
1801 0
1801 7
1801 13
1804 5
1804 7
1805 5
1805 7
1805 12
1805 15
1806 1
1806 3
1806 4
1807 7
1809 4
1809 5
1809 7
1810 7
1811 7
1812 3
1812 4
1812 7
1814 7
1815 7
1816 4
1816 7
1817 4
1817 7
1817 13
1819 7
1820 7
1821 4
1821 13
1822 3
1822 4
1824 4
1824 15
1825 0
1825 7
1826 1
1826 3
1827 4
1827 6
1829 7
1829 13
1830 4
1831 0
1831 14
1831 15
1832 0
1832 7
1833 0
1833 7
1833 15
1834 7
1834 15
1835 13
1836 7
1837 4
1839 4
1840 7
1841 7
1841 15
1842 5
1842 7
1843 3
1843 4
1844 7
1845 4
1845 15
1846 7
1847 7
1847 15
1848 1
1848 3
1848 4
1848 8
1849 1
1850 7
1850 13
1851 7
1851 13
1852 7
1852 15
1853 4
1854 4
1854 13
1855 4
1856 6
1856 11
1857 4
1858 0
1858 4
1859 7
1860 7
1861 4
1861 15
1862 10
1862 14
1863 4
1864 4
1865 6
1866 0
1866 4
1867 0
1867 1
1868 7
1868 16
1869 0
1869 15
1870 4
1870 7
1871 4
1871 7
1872 7
1873 7
1874 4
1874 13
1875 4
1876 0
1876 7
1876 14
1876 15
1877 7
1878 4
1878 13
1879 7
1880 7
1881 1
1881 2
1881 3
1881 8
1882 0
1882 14
1883 4
1884 4
1884 7
1885 4
1885 7
1886 4
1887 1
1887 4
1888 4
1888 7
1888 13
1889 15
1890 7
1891 10
1891 15
1892 12
1892 15
1893 7
1894 1
1894 4
1894 13
1895 4
1895 7
1895 13
1896 4
1897 7
1897 13
1898 7
1898 16
1899 1
1899 7
1900 7
1901 6
1902 7
1902 13
1903 4
1904 4
1904 7
1905 7
1906 4
1906 13
1907 2
1907 3
1908 7
1908 15
1909 12
1909 14
1909 15
1910 0
1910 4
1910 5
1911 4
1912 0
1912 5
1912 13
1913 7
1913 12
1914 4
1914 7
1915 7
1916 0
1916 4
1916 7
1917 0
1917 1
1917 14
1917 15
1918 0
1918 4
1918 5
1918 7
1919 3
1919 4
1920 2
1920 3
1920 8
1920 16
1921 14
1921 15
1922 7
1923 4
1924 10
1924 14
1925 7
1925 13
1925 16
1926 11
1927 16
1928 18
1929 7
1930 7
1931 1
1932 11
1933 7
1934 4
1935 7
1936 7
1936 16
1937 4
1938 7
1939 7
1939 16
1940 7
1941 7
1942 7
1943 7
1944 7
1944 13
1944 16
1945 5
1945 7
1946 7
1946 13
1947 11
1947 13
1948 4
1949 7
1950 7
1950 12
1951 11
1952 7
1953 0
1953 5
1953 7
1953 15
1954 0
1954 7
1955 7
1956 7
1957 7
1958 4
1958 7
1959 7
1959 13
1960 7
1960 16
1961 7
1962 7
1963 4
1964 7
1964 12
1965 4
1965 14
1966 4
1967 1
1967 3
1967 8
1968 4
1968 7
1969 10
1970 10
1971 10
1972 10
1973 10
1974 10
1975 10
1976 10
1977 10
1978 10
1979 10
1980 10
1981 10
1982 10
1983 10
1984 10
1985 10
1986 10
1987 10
1988 10
1989 10
1990 10
1991 10
1992 10
1993 10
1994 10
1994 15
1995 10
1995 15
1996 10
1996 15
1997 10
1998 10
1999 10
2000 0
2000 4
2000 5
2000 7
2001 0
2001 4
2001 5
2001 7
2002 0
2002 4
2002 5
2002 7
2003 4
2003 10
2004 4
2004 10
2005 1
2005 3
2005 8
2006 0
2006 1
2006 13
2007 4
2008 5
2008 7
2008 9
2009 14
2009 15
2010 14
2011 4
2011 14
2012 4
2012 14
2012 18
2013 0
2013 1
2014 3
2014 4
2015 3
2015 4
2015 8
2016 3
2016 4
2016 18
2017 3
2017 8
2017 11
2018 2
2018 3
2019 0
2019 7
2020 7
2020 13
2021 8
2021 14
2022 7
2023 0
2023 5
2023 7
2024 7
2024 12
2025 7
2025 13
2026 10
2026 15
2027 4
2027 5
2028 0
2028 7
2028 16
2029 4
2029 13
2030 7
2031 3
2031 4
2032 3
2032 4
2033 2
2033 3
2034 14
2035 3
2035 4
2036 3
2036 4
2037 1
2037 3
2037 4
2038 3
2038 4
2038 14
2039 1
2039 3
2040 3
2040 4
2041 0
2041 1
2041 3
2041 4
2042 3
2042 4
2043 1
2043 3
2043 8
2044 4
2045 1
2045 3
2045 7
2045 13
2046 1
2046 3
2046 14
2047 3
2048 2
2048 3
2049 4
2049 11
2050 1
2050 3
2050 4
2051 1
2051 3
2051 4
2052 3
2052 4
2053 3
2053 4
2053 14
2054 1
2054 3
2054 4
2054 8
2054 14
2055 4
2055 18
2056 1
2056 3
2057 1
2057 3
2058 0
2058 15
2059 3
2059 7
2060 4
2061 6
2062 7
2062 13
2063 7
2063 13
2064 4
2064 6
2065 4
2065 7
2065 13
2066 9
2067 7
2067 13
2067 16
2068 7
2069 7
2070 7
2071 7
2072 4
2073 4
2074 7
2075 7
2075 16
2076 7
2076 12
2077 1
2077 3
2078 2
2078 3
2078 4
2078 11
2079 3
2079 7
2080 2
2080 3
2080 4
2080 11
2080 13
2081 2
2081 3
2081 4
2081 11
2081 13
2082 3
2082 4
2083 3
2083 11
2084 3
2084 11
2085 2
2085 3
2086 7
2086 8
2087 2
2087 3
2087 8
2087 11
2088 1
2088 4
2088 11
2089 2
2089 3
2090 2
2090 3
2091 3
2091 14
2092 2
2092 3
2092 11
2093 1
2093 3
2093 8
2093 14
2094 0
2094 1
2094 14
2095 3
2095 4
2096 2
2096 3
2096 11
2097 3
2097 10
2098 3
2098 4
2099 1
2099 2
2099 3
2099 11
2100 4
2100 8
2100 13
2101 1
2101 7
2102 2
2102 3
2102 4
2102 11
2103 1
2103 3
2104 7
2105 0
2105 1
2105 8
2105 14
2106 7
2106 16
2107 10
2107 15
2108 4
2108 13
2109 4
2110 4
2110 5
2110 15
2111 4
2112 5
2112 7
2113 10
2113 15
2114 7
2115 0
2115 1
2116 1
2116 2
2116 3
2116 14
2117 7
2117 14
2118 10
2118 15
2119 10
2120 7
2120 10
2121 10
2121 15
2122 10
2122 15
2123 2
2123 3
2124 4
2125 7
2125 13
2126 0
2126 5
2126 12
2126 15
2127 7
2127 13
2128 4
2129 6
2130 5
2130 7
2130 13
2131 7
2132 7
2133 1
2133 4
2134 4
2135 1
2135 11
2136 4
2137 2
2137 3
2138 2
2138 3
2138 7
2138 8
2139 2
2139 3
2140 3
2140 8
2140 14
2141 2
2141 3
2141 4
2142 2
2142 3
2142 4
2143 1
2143 8
2143 13
2144 4
2145 4
2145 7
2145 13
2146 7
2146 13
2147 7
2148 4
2148 10
2149 4
2149 10
2150 4
2151 4
2152 3
2152 4
2153 0
2153 1
2154 7
2154 13
2155 4
2156 4
2156 7
2157 13
2158 5
2158 10
2159 5
2159 10
2160 10
2160 15
2161 1
2161 3
2161 8
2162 1
2162 3
2162 8
2163 4
2163 10
2164 7
2165 7
2166 7
2166 13
2167 0
2167 1
2167 10
2168 7
2168 13
2169 4
2170 0
2170 4
2171 4
2171 7
2171 13
2172 4
2173 1
2173 8
2173 14
2174 4
2174 8
2175 7
2175 13
2176 15
2177 4
2177 15
2178 15
2179 15
2180 15
2181 15
2182 7
2182 9
2182 15
2183 15
2184 12
2184 15
2185 15
2186 9
2186 15
2187 12
2187 15
2188 7
2189 2
2190 7
2191 4
2192 7
2193 0
2193 1
2193 8
2194 0
2194 5
2194 7
2195 4
2196 0
2197 7
2198 6
2199 5
2199 7
2200 7
2201 7
2202 7
2202 15
2202 16
2203 9
2203 15
2204 15
2205 4
2206 12
2206 15
2207 7
2208 4
2208 12
2208 13
2208 15
2209 5
2209 15
2210 15
2211 15
2212 15
2213 4
2213 11
2214 15
2215 4
2215 13
2216 7
2217 4
2217 11
2218 7
2219 12
2219 15
2220 7
2221 15
2222 4
2223 4
2224 7
2225 7
2226 7
2227 15
2228 7
2229 7
2230 4
2231 5
2231 7
2232 14
2232 15
2233 7
2234 7
2235 7
2235 16
2236 7
2237 7
2238 4
2238 7
2239 4
2239 7
2240 7
2241 4
2242 7
2243 4
2243 7
2243 13
2244 4
2244 13
2245 4
2245 7
2246 4
2247 4
2248 4
2248 7
2248 13
2249 4
2250 7
2251 4
2252 4
2252 7
2253 0
2253 4
2253 8
2254 7
2255 4
2256 10
2256 14
2257 4
2257 13
2258 0
2259 4
2259 13
2260 0
2260 5
2261 4
2262 4
2262 7
2262 13
2263 15
2264 7
2265 1
2265 4
2266 4
2266 13
2267 12
2267 15
2268 5
2268 7
2269 7
2270 6
2271 7
2272 7
2273 0
2273 15
2274 7
2275 0
2275 1
2275 14
2276 7
2277 7
2278 0
2278 5
2278 15
2279 10
2279 15
2280 5
2281 5
2282 4
2282 7
2283 7
2284 7
2285 7
2286 4
2287 14
2287 15
2287 16
2288 0
2288 10
2288 14
2288 15
2289 4
2289 7
2290 4
2290 7
2291 7
2291 13
2292 13
2293 7
2294 2
2294 3
2295 4
2296 4
2297 7
2297 13
2298 15
2299 4
2300 4
2300 11
2301 4
2302 4
2303 7
2303 11
2304 7
2305 7
2306 4
2307 0
2307 7
2308 0
2308 5
2309 7
2310 7
2311 12
2311 14
2312 7
2313 7
2314 7
2315 10
2315 15
2316 7
2316 13
2317 4
2318 4
2319 4
2320 7
2320 15
2321 4
2322 0
2322 1
2322 14
2322 15
2322 16
2323 6
2324 4
2324 7
2325 4
2326 7
2326 15
2327 10
2328 10
2329 7
2330 6
2331 4
2331 13
2332 5
2332 7
2333 7
2334 0
2334 15
2335 4
2336 7
2337 7
2338 10
2338 12
2338 15
2339 4
2339 13
2340 13
2341 7
2342 4
2343 7
2344 0
2344 1
2344 7
2344 15
2345 7
2346 14
2346 15
2347 0
2348 7
2349 4
2349 15
2350 4
2351 7
2352 4
2352 7
2353 0
2353 15
2354 2
2354 3
2354 4
2355 2
2355 3
2355 4
2356 4
2357 7
2358 7
2359 4
2360 7
2361 4
2362 7
2363 0
2363 14
2364 0
2364 14
2365 0
2365 14
2366 0
2366 1
2366 10
2367 0
2367 1
2367 10
2368 0
2368 1
2368 10
2369 4
2369 13
2370 0
2370 1
2370 7
2371 4
2372 4
2373 0
2373 1
2374 4
2374 7
2375 4
2376 0
2377 10
2377 14
2378 4
2379 4
2380 4
2381 4
2382 4
2383 4
2384 3
2384 4
2385 4
2385 13
2386 7
2387 4
2387 5
2388 7
2388 13
2389 5
2389 10
2389 15
2390 4
2391 5
2391 15
2392 4
2392 7
2393 0
2393 14
2394 2
2394 11
2395 4
2396 4
2396 13
2397 7
2398 7
2399 1
2399 3
2399 8
2400 3
2400 7
2401 18
2402 0
2402 16
2403 0
2404 0
2404 16
2405 0
2405 1
2405 4
2405 13
2406 0
2406 1
2406 4
2406 13
2407 4
2407 14
2408 4
2408 14
2409 0
2409 7
2410 0
2410 7
2411 0
2411 7
2412 0
2412 7
2413 4
2413 12
2414 0
2414 1
2414 12
2415 7
2415 13
2416 4
2417 4
2417 7
2418 4
2419 7
2419 15
2420 7
2421 0
2421 1
2421 7
2422 0
2422 1
2422 7
2423 4
2424 4
2424 13
2425 5
2426 4
2426 7
2426 13
2427 0
2427 7
2427 16
2428 10
2428 14
2429 1
2429 3
2429 7
2430 1
2430 3
2430 7
2431 4
2431 7
2432 7
2433 7
2434 7
2435 7
2436 4
2437 7
2438 7
2438 15
2439 7
2440 7
2441 7
2441 18
2442 7
2443 7
2443 13
2444 4
2444 7
2445 7
2446 15
2447 4
2447 7
2448 10
2448 14
2449 1
2449 3
2450 1
2450 3
2450 14
2451 10
2452 10
2453 7
2453 8
2454 10
2454 14
2455 10
2455 14
2456 10
2456 14
2457 0
2457 4
2458 4
2458 5
2459 10
2460 10
2461 10
2462 10
2463 4
2464 10
2465 10
2466 7
2467 12
2468 0
2468 4
2468 13
2468 15
2469 4
2469 13
2470 1
2470 4
2471 1
2471 4
2472 4
2473 4
2474 7
2475 0
2475 12
2475 15
2476 0
2476 16
2477 1
2478 4
2478 18
2479 7
2479 15
2480 7
2481 7
2481 13
2482 4
2482 13
2483 4
2483 10
2483 15
2484 4
2485 4
2485 13
2486 7
2487 0
2487 4
2488 7
2488 10
2488 15
2489 7
2490 0
2490 15
2491 4
2491 13
2492 4
2493 7
2494 6
2495 2
2495 14
2496 4
2496 13
2497 13
2498 4
2498 14
2499 4
2500 4
2501 7
2502 4
2502 13
2503 7
2504 4
2504 7
2505 15
2506 4
2506 7
2506 13
2507 4
2508 7
2509 4
2510 4
2510 13
2511 5
2512 7
2513 10
2514 10
2515 10
2516 10
2517 10
2518 4
2519 10
2520 7
2521 7
2522 7
2523 7
2523 15
2524 0
2524 7
2525 0
2525 10
2525 14
2526 14
2527 0
2527 14
2527 15
2527 18
2528 0
2528 1
2528 14
2529 0
2529 14
2530 0
2530 14
2531 0
2531 14
2532 0
2532 14
2533 0
2533 14
2534 0
2535 0
2536 7
2537 1
2538 6
2539 4
2540 0
2540 5
2540 7
2540 15
2541 7
2542 4
2542 5
2542 15
2543 4
2544 7
2545 4
2546 7
2547 7
2548 10
2549 0
2549 14
2550 10
2550 15
2551 7
2551 15
2552 4
2553 10
2553 14
2553 15
2554 10
2554 14
2554 15
2555 4
2556 4
2556 7
2556 13
2557 7
2558 4
2558 13
2559 2
2559 3
2560 7
2560 10
2561 5
2561 15
2562 7
2563 7
2564 7
2565 11
2566 2
2566 3
2567 4
2568 0
2568 5
2569 7
2569 13
2570 7
2570 13
2571 0
2571 14
2571 15
2572 4
2572 13
2573 7
2574 4
2575 7
2576 7
2577 4
2577 7
2578 14
2579 7
2580 5
2581 4
2581 13
2582 0
2582 4
2583 12
2584 4
2585 7
2585 13
2586 4
2586 5
2586 15
2587 4
2588 7
2589 4
2589 7
2589 13
2590 7
2591 4
2591 13
2592 7
2593 4
2594 7
2594 13
2594 14
2595 6
2596 4
2596 7
2597 4
2597 13
2598 4
2599 4
2600 0
2600 14
2600 15
2601 4
2602 1
2602 14
2603 7
2604 6
2605 5
2605 15
2606 4
2606 10
2607 7
2608 15
2609 7
2610 7
2611 7
2612 7
2613 0
2613 10
2613 14
2614 0
2614 10
2614 14
2615 1
2615 14
2616 0
2616 5
2617 0
2617 1
2617 10
2617 15
2618 4
2619 7
2620 7
2620 13
2621 7
2621 13
2622 4
2622 8
2623 4
2624 7
2625 0
2626 4
2626 7
2626 13
2627 6
2627 7
2628 0
2628 1
2628 8
2628 14
2629 4
2629 13
2630 7
2631 4
2631 9
2631 15
2632 7
2633 10
2633 13
2634 10
2635 10
2636 10
2637 10
2638 10
2639 7
2640 0
2640 1
2640 14
2641 0
2641 1
2641 14
2642 0
2642 1
2642 14
2643 0
2643 1
2643 14
2644 10
2645 10
2646 10
2647 10
2648 10
2649 10
2650 10
2651 10
2652 10
2653 10
2654 10
2655 10
2656 10
2656 14
2657 4
2657 10
2657 11
2657 14
2658 14
2659 4
2659 6
2660 14
2661 14
2662 0
2662 14
2662 16
2663 14
2664 10
2664 14
2665 14
2666 14
2667 14
2668 10
2668 14
2669 16
2670 16
2671 4
2671 13
2672 7
2672 14
2672 15
2673 7
2674 7
2675 4
2675 7
2675 13
2676 7
2676 15
2677 6
2678 7
2679 7
2679 13
2680 7
2681 4
2681 13
2681 14
2682 7
2683 4
2684 4
2684 7
2685 4
2685 7
2686 7
2686 12
2687 2
2687 3
2688 7
2688 15
2689 6
2690 4
2691 7
2692 0
2692 5
2692 13
2693 6
2694 4
2695 7
2696 4
2697 4
2697 7
2697 13
2698 14
2699 0
2699 4
2699 14
2699 15
2700 2
2700 4
2701 0
2701 14
2701 18
2702 7
2703 7
2704 7
2704 13
2705 7
2706 4
2707 15
2708 13
2709 3
2709 4
2710 10
2711 7
2712 7
2713 10
2713 15
2714 7
2715 4
2715 13
2716 4
2716 10
2717 4
2717 10
2718 4
2719 10
2719 15
2720 0
2720 1
2720 3
2720 4
2721 13
2722 0
2722 14
2722 15
2723 0
2723 1
2723 4
2724 4
2724 13
2725 7
2726 5
2726 9
2727 9
2728 7
2729 7
2730 7
2731 7
2732 7
2733 1
2733 4
2734 7
2735 0
2735 1
2735 4
2736 4
2737 0
2738 4
2738 7
2739 7
2740 10
2741 0
2741 15
2742 4
2742 7
2743 7
2744 7
2745 7
2746 4
2746 10
2746 11
2747 4
2747 10
2748 0
2748 1
2749 7
2749 12
2750 4
2750 7
2751 4
2752 4
2752 12
2753 15
2754 10
2755 7
2756 0
2757 7
2758 7
2759 4
2760 7
2761 2
2761 3
2762 15
2763 0
2763 15
2764 5
2764 7
2764 15
2765 4
2765 7
2766 4
2766 7
2767 4
2768 4
2769 5
2769 12
2770 4
2771 7
2772 4
2773 7
2774 4
2774 13
2775 7
2776 6
2777 7
2778 15
2779 4
2780 4
2780 10
2781 10
2782 10
2783 10
2784 10
2785 10
2786 4
2787 10
2788 4
2789 10
2790 10
2791 4
2792 4
2793 4
2793 10
2794 4
2795 4
2796 4
2797 4
2797 8
2798 4
2799 4
2800 2
2800 3
2801 7
2801 13
2802 0
2802 13
2802 15
2803 15
2804 4
2804 7
2805 4
2805 13
2806 4
2806 15
2807 0
2807 14
2808 0
2808 14
2809 4
2810 2
2810 12
2811 4
2812 0
2812 15
2813 6
2814 10
2815 0
2815 16
2816 0
2816 16
2817 0
2817 16
2818 0
2818 16
2819 15
2820 7
2821 1
2821 7
2822 1
2822 13
2823 0
2823 7
2824 6
2825 7
2826 0
2826 10
2826 15
2827 14
2827 15
2828 3
2828 4
2829 4
2829 7
2830 7
2831 7
2832 7
2833 13
2833 16
2834 4
2834 13
2835 0
2835 15
2836 4
2837 4
2837 13
2838 4
2839 7
2840 15
2841 15
2842 5
2842 7
2843 4
2843 13
2844 7
2844 12
2845 7
2846 3
2847 7
2848 7
2849 4
2849 7
2850 7
2850 15
2851 1
2851 14
2851 15
2852 7
2853 10
2854 10
2855 10
2856 15
2857 2
2857 11
2858 4
2858 7
2859 6
2860 4
2861 4
2861 7
2862 7
2863 4
2863 11
2864 4
2865 4
2866 7
2867 4
2867 10
2868 10
2869 7
2870 4
2871 1
2871 15
2872 0
2872 7
2872 8
2872 13
2873 7
2873 12
2873 13
2874 4
2875 7
2875 12
2875 13
2876 2
2876 3
2877 7
2877 11
2878 10
2879 0
2879 1
2879 4
2880 0
2880 1
2880 4
2881 0
2881 15
2882 7
2883 4
2884 4
2884 13
2885 7
2885 13
2886 3
2886 4
2887 7
2888 4
2888 13
2889 4
2890 7
2890 16
2891 4
2892 0
2892 7
2893 0
2893 7
2894 7
2894 13
2895 1
2896 18
2897 4
2897 16
2898 10
2898 12
2899 1
2899 2
2899 3
2900 10
2900 14
2901 10
2901 14
2902 10
2902 15
2903 10
2903 15
2904 7
2905 0
2905 1
2906 7
2906 13
2907 4
2908 7
2909 6
2910 7
2910 13
2911 7
2912 0
2912 5
2912 7
2913 4
2914 4
2914 7
2915 4
2916 0
2916 1
2916 14
2916 15
2917 5
2917 15
2918 4
2919 7
2919 13
2920 7
2920 13
2921 18
2922 18
2923 4
2924 0
2924 4
2925 7
2926 4
2926 7
2927 7
2927 13
2928 7
2929 7
2930 6
2931 7
2932 7
2933 7
2934 11
2935 4
2935 13
2936 4
2937 4
2938 7
2939 7
2939 15
2940 9
2941 11
2941 13
2941 16
2942 7
2942 13
2943 7
2943 13
2944 0
2944 16
2945 12
2946 4
2946 11
2947 0
2948 0
2949 0
2950 1
2950 7
2950 13
2951 0
2951 18
2952 5
2952 15
2953 3
2953 4
2954 7
2955 7
2956 0
2956 5
2956 15
2957 7
2958 7
2959 7
2960 7
2961 4
2961 7
2962 4
2962 13
2963 5
2963 7
2964 7
2965 0
2966 7
2967 7
2967 15
2968 1
2968 8
2968 14
2969 7
2969 13
2970 1
2970 7
2971 11
2972 7
2972 16
2973 4
2974 10
2974 15
2975 7
2976 7
2976 10
2977 4
2977 7
2978 4
2978 13
2979 7
2980 7
2981 6
2982 10
2982 15
2983 15
2984 6
2985 0
2985 5
2985 14
2986 0
2986 5
2986 14
2987 1
2987 2
2987 9
2988 7
2989 0
2990 0
2991 0
2992 10
2992 15
2993 0
2994 7
2995 10
2996 7
2997 4
2998 13
2999 4
3000 0
3000 1
3000 2
3001 7
3002 6
3003 4
3003 7
3004 4
3004 13
3005 15
3006 7
3007 6
3008 15
3009 7
3010 7
3011 7
3012 4
3013 4
3013 10
3014 4
3015 15
3016 10
3017 10
3018 10
3019 5
3019 7
3020 0
3020 7
3021 10
3022 4
3023 4
3023 13
3024 10
3024 14
3025 18
3026 10
3027 10
3028 4
3029 0
3029 7
3030 4
3030 7
3030 18
3031 4
3032 14
3033 4
3033 14
3034 2
3034 3
3035 4
3035 7
3035 16
3036 1
3037 4
3037 7
3037 18
3038 7
3039 4
3040 4
3041 4
3042 4
3043 4
3044 12
3044 13
3044 15
3045 4
3045 7
3046 4
3046 13
3047 7
3048 4
3049 4
3049 16
3050 7
3051 7
3052 4
3053 7
3053 16
3054 2
3054 3
3055 15
3056 15
3057 4
3058 10
3058 14
3059 7
3060 4
3060 7
3061 4
3061 11
3062 0
3062 7
3062 16
3063 15
3064 15
3065 7
3066 16
3067 4
3067 7
3068 7
3069 7
3070 1
3070 4
3070 14
3071 7
3072 4
3073 7
3073 13
3074 18
3075 15
3076 4
3077 6
3078 7
3079 7
3080 7
3080 14
3081 10
3081 13
3082 0
3082 15
3083 4
3083 7
3084 6
3085 10
3086 4
3087 4
3088 4
3089 7
3090 7
3091 7
3091 16
3092 7
3093 7
3093 18
3094 7
3094 13
3095 7
3096 4
3097 4
3097 13
3098 7
3099 4
3099 13
3100 7
3101 15
3102 15
3103 7
3103 13
3104 0
3104 1
3104 4
3104 5
3105 7
3106 7
3106 13
3107 0
3107 7
3108 4
3108 7
3108 13
3109 7
3110 7
3111 7
3112 7
3113 0
3113 15
3114 2
3114 3
3114 4
3115 7
3116 7
3117 7
3117 13
3117 16
3118 7
3119 10
3120 4
3121 9
3122 7
3122 13
3122 18
3123 4
3124 4
3124 7
3125 7
3126 7
3127 7
3128 7
3129 4
3129 7
3130 4
3131 4
3132 4
3133 4
3134 7
3134 16
3135 7
3136 6
3137 0
3137 16
3138 7
3139 0
3139 1
3140 4
3141 7
3142 6
3142 11
3143 7
3143 16
3144 4
3144 13
3145 7
3146 4
3147 7
3147 15
3148 7
3149 12
3150 7
3151 5
3151 7
3151 12
3152 7
3153 0
3153 1
3153 8
3154 7
3154 16
3155 7
3155 13
3156 4
3156 7
3156 14
3157 3
3157 4
3158 7
3159 2
3159 3
3159 11
3160 7
3161 7
3162 4
3162 7
3163 7
3164 7
3165 0
3165 7
3166 1
3167 7
3168 1
3168 7
3169 7
3170 18
3171 7
3172 1
3173 7
3174 4
3174 7
3175 1
3175 4
3175 14
3176 7
3176 12
3176 15
3177 4
3178 7
3179 7
3180 4
3180 7
3181 7
3182 6
3183 7
3184 0
3184 4
3184 5
3184 7
3185 7
3186 7
3187 7
3188 6
3189 4
3190 1
3190 14
3191 7
3192 7
3193 6
3194 7
3195 7
3196 7
3196 16
3197 0
3198 7
3199 4
3199 11
3199 13
3200 4
3200 7
3201 7
3202 7
3203 15
3204 15
3205 10
3206 13
3207 1
3208 0
3208 4
3209 7
3210 4
3211 7
3212 7
3213 2
3213 3
3214 7
3215 7
3216 10
3217 7
3218 7
3219 15
3220 7
3221 7
3222 7
3223 7
3224 7
3225 4
3225 13
3226 6
3227 4
3227 7
3227 15
3228 4
3229 5
3229 7
3230 15
3231 4
3232 4
3233 4
3234 4
3235 4
3236 18
3237 6
3238 15
3239 4
3240 4
3241 4
3242 4
3243 4
3244 4
3244 13
3245 7
3246 7
3247 4
3247 5
3248 4
3249 15
3250 7
3251 7
3251 12
3252 7
3253 4
3254 4
3255 4
3255 7
3256 0
3256 15
3257 0
3257 7
3257 13
3257 15
3258 4
3259 7
3259 13
3260 7
3261 4
3261 7
3261 13
3262 7
3262 12
3263 4
3264 4
3264 10
3265 0
3265 5
3266 0
3266 4
3266 5
3266 7
3267 0
3267 15
3268 0
3268 4
3269 1
3269 13
3269 14
3270 7
3271 7
3272 5
3272 7
3273 10
3273 12
3273 15
3274 0
3275 0
3275 4
3276 4
3277 7
3278 6
3279 0
3279 1
3280 10
3281 6
3282 4
3283 0
3284 4
3284 13
3285 1
3285 7
3286 4
3287 2
3287 3
3288 7
3289 7
3290 4
3291 15
3292 9
3293 7
3293 14
3294 10
3295 7
3296 7
3297 6
3298 7
3299 4
3299 7
3300 0
3300 14
3301 4
3301 5
3302 4
3303 6
3304 5
3304 7
3305 9
3305 10
3306 4
3307 4
3307 7
3307 13
3308 4
3308 7
3309 4
3310 0
3311 18
3312 7
3313 4
3314 0
3314 7
3315 11
3316 0
3316 15
3317 4
3317 7
3318 15
3319 7
3320 4
3320 13
3321 4
3322 4
3323 4
3323 5
3324 4
3325 4
3325 7
3326 4
3326 14
3327 6
3328 5
3328 7
3329 7
3330 7
3331 7
3332 1
3332 3
3333 7
3334 5
3334 7
3334 9
3334 15
3335 5
3335 7
3336 7
3337 4
3337 7
3338 6
3339 16
3340 10
3340 14
3341 4
3342 7
3342 16
3343 4
3343 7
3343 13
3344 10
3345 1
3345 3
3346 10
3347 7
3348 5
3348 15
3349 4
3350 7
3351 10
3352 7
3353 4
3353 13
3354 14
3355 15
3356 6
3357 7
3357 13
3358 4
3358 13
3359 7
3360 7
3361 4
3362 4
3362 5
3362 7
3363 4
3363 7
3364 5
3364 9
3365 18
3366 0
3366 1
3366 16
3367 16
3368 13
3368 18
3369 5
3370 7
3370 15
3371 7
3372 0
3372 16
3373 18
3374 7
3375 14
3376 13
3377 7
3377 16
3378 7
3379 7
3380 9
3381 4
3381 7
3382 7
3383 7
3383 11
3384 0
3385 4
3386 7
3386 12
3387 4
3388 4
3389 0
3389 1
3390 1
3391 4
3392 4
3393 4
3393 8
3394 4
3394 13
3395 4
3396 3
3396 4
3397 3
3397 4
3398 3
3398 4
3399 3
3399 4
3400 2
3400 3
3401 1
3401 14
3402 7
3403 7
3403 15
3404 0
3404 7
3405 0
3405 7
3406 0
3406 1
3406 16
3407 4
3407 7
3408 7
3409 7
3409 15
3410 4
3410 7
3411 7
3412 1
3413 5
3413 7
3414 13
3415 7
3416 7
3417 1
3417 4
3417 14
3418 0
3418 7
3419 4
3419 5
3420 7
3420 15
3421 4
3422 4
3422 13
3423 7
3424 4
3424 7
3425 7
3426 7
3426 13
3427 5
3428 7
3429 2
3429 4
3430 0
3430 7
3431 0
3431 7
3432 0
3432 7
3433 0
3433 7
3434 0
3434 7
3435 5
3435 9
3436 7
3436 13
3437 7
3438 0
3438 3
3438 8
3439 0
3439 3
3439 8
3440 0
3440 3
3440 8
3441 0
3441 16
3442 0
3443 0
3443 7
3443 15
3444 0
3445 12
3445 15
3446 4
3447 7
3448 4
3448 7
3448 16
3449 7
3450 4
3451 4
3451 7
3452 0
3452 13
3453 7
3453 13
3454 4
3454 13
3455 7
3455 15
3456 7
3457 7
3458 7
3458 13
3459 7
3459 10
3460 4
3461 1
3461 7
3461 15
3462 4
3463 4
3464 14
3464 15
3465 7
3466 4
3466 8
3467 7
3467 18
3468 7
3469 7
3470 1
3470 7
3471 7
3471 14
3472 10
3473 4
3474 14
3474 15
3475 7
3475 13
3476 10
3476 12
3476 15
3477 4
3477 7
3478 7
3479 1
3479 8
3479 13
3480 7
3481 4
3482 7
3483 2
3483 3
3484 15
3485 10
3486 14
3487 18
3488 10
3488 14
3489 1
3489 8
3490 10
3491 4
3492 1
3493 10
3494 1
3494 18
3495 4
3495 7
3496 7
3497 4
3498 7
3499 10
3500 4
3500 7
3501 4
3501 13
3502 7
3503 7
3503 14
3504 4
3504 7
3505 15
3506 4
3506 7
3507 4
3508 18
3509 7
3510 7
3510 15
3511 4
3512 7
3512 13
3513 7
3513 15
3514 7
3515 4
3516 4
3516 13
3517 5
3517 7
3518 7
3518 15
3519 0
3519 16
3520 4
3521 4
3521 5
3521 7
3522 7
3523 0
3523 15
3524 4
3524 13
3525 4
3526 4
3526 7
3527 0
3527 14
3527 15
3528 7
3528 13
3529 5
3529 15
3530 4
3531 4
3531 7
3531 13
3532 4
3533 7
3534 4
3535 4
3535 10
3535 15
3536 4
3536 13
3537 4
3537 7
3538 4
3539 6
3540 13
3540 15
3541 0
3542 7
3543 4
3543 7
3544 4
3545 11
3545 16
3546 7
3546 15
3547 7
3548 4
3548 7
3549 11
3550 10
3551 15
3552 4
3553 7
3553 15
3554 7
3554 13
3555 0
3555 15
3556 4
3556 7
3557 15
3558 7
3559 7
3560 7
3561 7
3562 4
3562 7
3563 0
3563 10
3564 3
3564 4
3565 4
3565 7
3566 4
3566 7
3567 4
3568 7
3569 4
3569 7
3570 7
3571 7
3572 10
3572 14
3573 10
3573 14
3574 10
3574 14
3575 7
3576 0
3576 10
3576 14
3577 7
3578 0
3578 7
3579 7
3580 7
3581 7
3582 7
3583 7
3584 0
3584 7
3584 13
3584 15
3585 1
3585 16
3586 7
3587 10
3588 5
3588 7
3589 10
3590 4
3591 4
3591 7
3592 2
3592 14
3593 0
3593 14
3594 7
3595 4
3596 4
3597 4
3598 7
3599 4
3599 11
3600 4
3600 11
3601 4
3601 18
3602 11
3603 4
3604 11
3605 7
3605 11
3606 11
3607 4
3607 7
3607 18
3608 4
3609 6
3610 11
3611 2
3611 3
3611 4
3612 1
3612 11
3612 13
3613 4
3614 4
3614 13
3615 2
3615 3
3616 4
3616 13
3617 4
3618 4
3619 4
3620 4
3620 7
3621 7
3621 10
3622 4
3623 0
3623 15
3624 0
3625 6
3626 4
3627 10
3627 15
3628 0
3628 7
3628 16
3629 4
3630 10
3631 4
3632 4
3633 0
3634 15
3635 0
3636 7
3637 7
3638 0
3638 13
3638 14
3639 0
3640 4
3640 7
3641 7
3642 18
3643 0
3643 7
3643 16
3644 18
3645 7
3646 4
3647 7
3648 10
3648 14
3649 7
3650 10
3651 10
3652 10
3653 6
3654 0
3654 7
3654 16
3655 7
3656 5
3657 7
3658 14
3659 14
3659 15
3660 10
3660 14
3660 15
3661 10
3661 14
3661 15
3662 10
3662 14
3662 15
3663 10
3663 14
3663 15
3664 10
3664 14
3664 15
3665 10
3665 14
3665 15
3666 10
3666 14
3666 15
3667 0
3667 4
3668 7
3668 13
3669 4
3670 16
3671 4
3671 18
3672 1
3672 3
3673 1
3673 3
3674 1
3674 3
3675 11
3676 7
3676 10
3677 6
3678 7
3679 6
3680 6
3681 18
3682 18
3683 7
3683 9
3684 7
3684 13
3685 4
3685 7
3685 13
3686 15
3687 14
3688 4
3689 4
3690 4
3691 4
3692 4
3692 10
3693 4
3693 10
3694 4
3694 10
3695 4
3695 10
3696 4
3696 10
3696 14
3697 0
3697 14
3697 15
3698 0
3698 1
3698 14
3699 1
3699 7
3699 13
3699 14
3700 7
3700 14
3701 5
3701 7
3701 14
3702 0
3702 14
3703 0
3703 14
3704 0
3704 14
3705 0
3705 1
3705 13
3705 15
3706 9
3706 12
3706 15
3707 7
3708 10
3708 15
3709 10
3710 0
3710 4
3711 7
3712 4
3713 7
3714 7
3715 4
3716 0
3716 5
3717 0
3717 5
3718 6
3719 4
3719 13
3720 7
3721 4
3722 4
3723 7
3724 7
3724 16
3725 2
3725 11
3726 0
3726 15
3727 4
3727 10
3728 15
3729 0
3729 5
3730 7
3730 12
3731 7
3731 15
3732 10
3733 7
3734 7
3735 5
3735 7
3736 7
3737 7
3737 18
3738 7
3739 4
3739 13
3740 0
3740 4
3741 5
3741 7
3742 7
3742 16
3743 4
3743 13
3744 0
3744 5
3745 1
3745 2
3745 14
3746 7
3746 16
3747 7
3748 4
3748 13
3749 7
3750 7
3751 2
3751 3
3751 4
3752 4
3753 0
3753 7
3753 16
3754 2
3754 3
3754 4
3755 0
3755 1
3755 15
3756 7
3757 10
3758 7
3758 14
3758 15
3759 2
3759 3
3759 11
3760 4
3761 5
3761 7
3762 10
3763 0
3763 5
3763 15
3764 0
3764 5
3764 15
3765 7
3765 13
3766 0
3766 16
3767 0
3767 16
3768 0
3768 16
3769 0
3770 1
3770 5
3770 14
3770 15
3771 0
3771 1
3772 10
3773 4
3774 4
3775 2
3775 3
3775 11
3776 2
3776 3
3776 11
3777 4
3777 10
3778 4
3778 7
3779 14
3780 14
3781 0
3781 5
3782 0
3782 5
3783 5
3783 7
3784 4
3785 4
3785 10
3786 4
3787 4
3788 7
3788 12
3789 7
3790 7
3791 7
3792 18
3793 0
3793 14
3794 4
3794 7
3795 7
3796 13
3796 15
3797 15
3798 15
3799 2
3799 3
3800 7
3800 13
3801 7
3801 12
3802 0
3802 14
3803 7
3804 4
3805 0
3805 1
3805 7
3806 18
3807 0
3807 1
3808 7
3808 16
3809 4
3810 7
3810 15
3811 7
3811 16
3812 4
3813 7
3814 4
3816 7
3817 4
3817 7
3818 4
3818 11
3819 4
3820 3
3821 4
3822 7
3822 13
3823 7
3824 7
3824 13
3825 7
3826 10
3826 14
3826 15
3827 0
3827 14
3828 4
3829 4
3829 13
3830 4
3830 10
3830 15
3831 4
3832 10
3833 10
3833 14
3834 1
3834 7
3834 13
3835 15
3836 0
3836 4
3836 16
3837 10
3838 10
3839 10
3840 10
3841 0
3841 4
3842 10
3843 10
3844 7
3845 7
3846 4
3847 10
3848 7
3848 15
3849 15
3850 5
3850 15
3851 4
3852 4
3853 7
3854 7
3854 13
3855 7
3855 13
3856 7
3857 15
3858 4
3859 6
3860 5
3861 4
3862 4
3863 14
3863 15
3864 0
3864 1
3864 14
3865 4
3865 6
3866 4
3867 7
3868 4
3869 4
3870 7
3871 7
3871 18
3872 7
3873 4
3873 18
3874 4
3874 13
3875 10
3876 7
3877 0
3877 1
3877 8
3878 14
3879 0
3880 6
3881 6
3882 4
3883 4
3883 7
3884 4
3885 4
3885 13
3886 7
3887 7
3888 7
3888 13
3889 0
3889 1
3889 8
3890 6
3891 5
3891 7
3892 10
3893 4
3893 15
3894 7
3895 5
3895 15
3896 5
3896 15
3897 4
3897 7
3898 0
3898 4
3899 4
3900 4
3900 7
3901 4
3901 7
3902 7
3903 7
3904 7
3905 4
3906 5
3907 7
3908 10
3909 4
3909 13
3910 7
3910 11
3911 4
3912 4
3912 7
3913 6
3914 7
3915 7
3916 7
3917 10
3918 10
3919 10
3920 7
3920 8
3921 4
3922 4
3923 10
3923 14
3924 4
3925 4
3926 1
3926 14
3927 1
3927 14
3928 4
3928 10
3929 4
3930 10
3931 10
3931 14
3932 10
3932 14
3933 10
3933 14
3934 14
3935 10
3936 7
3936 15
3937 14
3937 15
3938 10
3939 10
3940 10
3941 10
3942 10
3943 4
3944 4
3944 7
3945 1
3945 2
3945 3
3946 0
3946 7
3946 15
3947 15
3948 4
3949 7
3950 7
3951 7
3952 7
3952 15
